Latitude	Longitude
31.67514	-106.326522
31.675195	-106.326367
31.67525	-106.326211
31.675304	-106.326058
31.675356	-106.325901
31.675408	-106.325739
31.675467	-106.325572
31.675517	-106.32541
31.675569	-106.325247
31.675623	-106.325092
31.675677	-106.324931
31.675728	-106.324759
31.675776	-106.324588
31.675821	-106.324418
31.675871	-106.324248
31.675922	-106.324073
31.675973	-106.323896
31.676019	-106.323717
31.676066	-106.323538
31.676114	-106.323354
31.676165	-106.32317
31.676217	-106.322978
31.676267	-106.322788
31.676317	-106.322598
31.67637	-106.3224
31.676423	-106.32221
31.676475	-106.322016
31.676526	-106.321824
31.676575	-106.321634
31.676628	-106.321432
31.676684	-106.321225
31.676739	-106.321018
31.676797	-106.320805
31.676856	-106.320593
31.676919	-106.320376
31.676981	-106.32016
31.677041	-106.319944
31.677101	-106.319727
31.67716	-106.31951
31.677224	-106.319285
31.677283	-106.319065
31.677339	-106.31885
31.677399	-106.318634
31.677457	-106.318412
31.677517	-106.318193
31.677583	-106.317988
31.677655	-106.317783
31.677731	-106.317576
31.677814	-106.317372
31.677899	-106.317173
31.677986	-106.316962
31.678079	-106.316769
31.678174	-106.316576
31.678269	-106.316386
31.678366	-106.316196
31.678459	-106.316002
31.678555	-106.315812
31.678647	-106.315613
31.678741	-106.315419
31.678836	-106.31522
31.678939	-106.315019
31.679037	-106.314817
31.679135	-106.314617
31.679238	-106.314421
31.679338	-106.314224
31.679441	-106.314034
31.679539	-106.31384
31.679635	-106.313645
31.679731	-106.313446
31.679828	-106.313253
31.679921	-106.313064
31.680018	-106.312877
31.680112	-106.312687
31.68021	-106.312495
31.68031	-106.312299
31.68041	-106.312104
31.680507	-106.311909
31.680609	-106.311711
31.680708	-106.311514
31.680809	-106.311317
31.680908	-106.311116
31.681008	-106.310916
31.681106	-106.310719
31.681203	-106.310526
31.681302	-106.310331
31.681397	-106.310142
31.68149	-106.309953
31.681582	-106.30977
31.681672	-106.309589
31.681764	-106.309406
31.681854	-106.309228
31.681944	-106.309051
31.682034	-106.308877
31.682126	-106.308702
31.682224	-106.308519
31.682319	-106.308341
31.682413	-106.308156
31.6825	-106.307975
31.682591	-106.307784
31.68268	-106.30759
31.682766	-106.307394
31.68285	-106.307195
31.682935	-106.306994
31.683021	-106.306793
31.683109	-106.306583
31.683197	-106.306371
31.683289	-106.306155
31.683381	-106.305937
31.683472	-106.305718
31.683563	-106.305497
31.683659	-106.305273
31.683755	-106.305041
31.683847	-106.304805
31.683941	-106.304574
31.684038	-106.304339
31.68414	-106.304104
31.684237	-106.30387
31.684338	-106.303635
31.684439	-106.303391
31.68454	-106.303148
31.684641	-106.302912
31.684741	-106.302672
31.684844	-106.302434
31.684947	-106.302198
31.685042	-106.301971
31.685139	-106.30174
31.685237	-106.301513
31.685332	-106.301284
31.685428	-106.301055
31.685523	-106.30083
31.685615	-106.300607
31.685708	-106.300383
31.685798	-106.30016
31.685893	-106.299939
31.685989	-106.299717
31.686088	-106.299492
31.68619	-106.299269
31.686291	-106.29905
31.686394	-106.298833
31.686504	-106.298619
31.686621	-106.298409
31.686748	-106.298203
31.686882	-106.298001
31.687022	-106.297806
31.687167	-106.297607
31.687322	-106.297409
31.687482	-106.29722
31.687644	-106.297032
31.687811	-106.296848
31.687981	-106.296671
31.688158	-106.296501
31.688345	-106.296336
31.688531	-106.296167
31.688721	-106.296001
31.688908	-106.295831
31.689098	-106.295658
31.689289	-106.295482
31.689479	-106.295315
31.68967	-106.295148
31.689853	-106.294981
31.69004	-106.294812
31.690232	-106.294644
31.690417	-106.294478
31.690596	-106.294311
31.690779	-106.294144
31.69096	-106.293975
31.691138	-106.293808
31.691321	-106.293642
31.691498	-106.293474
31.691679	-106.293306
31.691862	-106.293138
31.692045	-106.292967
31.69223	-106.292798
31.692411	-106.292626
31.692595	-106.292455
31.692782	-106.292286
31.692972	-106.292116
31.693159	-106.291945
31.693346	-106.291771
31.69353	-106.291596
31.69371	-106.291417
31.693895	-106.291236
31.69408	-106.291052
31.694267	-106.290871
31.694455	-106.290695
31.694646	-106.290517
31.69484	-106.290343
31.69503	-106.290168
31.69522	-106.289994
31.695409	-106.289822
31.695599	-106.28965
31.695785	-106.28948
31.69597	-106.289307
31.696157	-106.289138
31.696345	-106.28897
31.696532	-106.288801
31.696715	-106.288631
31.696897	-106.288463
31.697079	-106.288296
31.697261	-106.288133
31.697442	-106.28797
31.697624	-106.287807
31.697807	-106.287641
31.697989	-106.287477
31.69817	-106.287312
31.698348	-106.287148
31.698523	-106.286988
31.698696	-106.286829
31.698865	-106.286667
31.699035	-106.286506
31.699208	-106.286348
31.699378	-106.286191
31.699546	-106.286034
31.699706	-106.285879
31.699861	-106.285725
31.700029	-106.285574
31.700199	-106.285423
31.700363	-106.285273
31.700527	-106.285121
31.700691	-106.284973
31.700857	-106.284828
31.701018	-106.284681
31.701179	-106.284534
31.701344	-106.284386
31.701507	-106.284238
31.701674	-106.284092
31.701834	-106.283948
31.701991	-106.2838
31.702149	-106.283657
31.702306	-106.283518
31.702462	-106.283375
31.702621	-106.283233
31.702779	-106.28309
31.702936	-106.282938
31.703094	-106.282781
31.703249	-106.28263
31.703408	-106.282482
31.70357	-106.282336
31.703735	-106.28219
31.703904	-106.28204
31.704078	-106.281892
31.704242	-106.281747
31.704414	-106.281601
31.704587	-106.281453
31.704752	-106.281301
31.704917	-106.281152
31.70508	-106.281001
31.705244	-106.280848
31.705399	-106.280698
31.705567	-106.280545
31.705733	-106.280394
31.705895	-106.280244
31.706062	-106.280094
31.706222	-106.279946
31.706387	-106.279798
31.706547	-106.279651
31.706706	-106.279504
31.706863	-106.279359
31.70702	-106.279215
31.707179	-106.279071
31.707339	-106.278927
31.707498	-106.27878
31.707655	-106.278635
31.707814	-106.278491
31.707969	-106.278345
31.708125	-106.278198
31.708282	-106.27805
31.708437	-106.277905
31.708596	-106.277757
31.708751	-106.277611
31.708904	-106.277467
31.709056	-106.277321
31.709211	-106.277174
31.70937	-106.277029
31.709524	-106.276885
31.709683	-106.276739
31.709843	-106.276595
31.710002	-106.276452
31.71016	-106.276308
31.710317	-106.276164
31.710472	-106.276018
31.710629	-106.275871
31.710782	-106.275727
31.710937	-106.275581
31.711095	-106.275435
31.711255	-106.275288
31.711414	-106.275143
31.711574	-106.274993
31.711736	-106.274843
31.711902	-106.274697
31.712066	-106.274549
31.712232	-106.274397
31.712398	-106.274249
31.712564	-106.274098
31.712725	-106.273945
31.712897	-106.273793
31.713072	-106.273642
31.713243	-106.27349
31.713413	-106.273338
31.713589	-106.273179
31.713763	-106.273022
31.713932	-106.272864
31.714112	-106.272706
31.714286	-106.272551
31.714463	-106.272393
31.714641	-106.272233
31.714825	-106.272073
31.715003	-106.271911
31.71518	-106.271748
31.715351	-106.271582
31.715525	-106.271419
31.7157	-106.271255
31.715877	-106.271093
31.71605	-106.270931
31.716225	-106.270772
31.716397	-106.270615
31.716565	-106.270461
31.716736	-106.270309
31.716907	-106.270159
31.717079	-106.27001
31.717253	-106.269865
31.717428	-106.269724
31.717605	-106.269586
31.717781	-106.269455
31.71796	-106.269326
31.718136	-106.269203
31.718314	-106.269084
31.718494	-106.268966
31.718677	-106.268854
31.718858	-106.268748
31.719038	-106.268643
31.71922	-106.268543
31.719397	-106.268445
31.719576	-106.268351
31.719754	-106.26826
31.719941	-106.268179
31.720131	-106.268095
31.720323	-106.268014
31.720519	-106.267937
31.720722	-106.267865
31.720922	-106.267794
31.721122	-106.267728
31.721325	-106.267666
31.72153	-106.267602
31.721734	-106.267545
31.721941	-106.267494
31.722149	-106.267451
31.722359	-106.267411
31.722573	-106.267375
31.722786	-106.267339
31.722999	-106.267309
31.723216	-106.267276
31.723434	-106.267249
31.723657	-106.267225
31.72388	-106.267206
31.724105	-106.267194
31.72433	-106.267186
31.724555	-106.267184
31.724783	-106.267187
31.725012	-106.267189
31.725245	-106.267193
31.725478	-106.267197
31.725712	-106.267195
31.725944	-106.267201
31.726178	-106.267221
31.726409	-106.267248
31.726648	-106.267245
31.726883	-106.267244
31.727117	-106.267244
31.72735	-106.267243
31.727583	-106.267245
31.727815	-106.267242
31.728052	-106.267245
31.728284	-106.267243
31.728514	-106.26724
31.728743	-106.267237
31.728971	-106.267222
31.729203	-106.26722
31.729434	-106.26722
31.729664	-106.267222
31.729895	-106.267225
31.730126	-106.267225
31.730358	-106.267226
31.730586	-106.267233
31.730812	-106.267245
31.73104	-106.267258
31.73127	-106.267272
31.7315	-106.267272
31.731731	-106.267277
31.731962	-106.267285
31.732195	-106.267285
31.73243	-106.26729
31.732665	-106.26729
31.732899	-106.267295
31.733133	-106.267302
31.73337	-106.267304
31.733609	-106.267311
31.733848	-106.267317
31.734089	-106.26732
31.734331	-106.267323
31.734573	-106.267326
31.734819	-106.267325
31.735065	-106.267324
31.735314	-106.267323
31.735564	-106.267324
31.735814	-106.267325
31.736062	-106.267329
31.736313	-106.267334
31.736565	-106.26734
31.736818	-106.267346
31.737073	-106.267349
31.737328	-106.267354
31.737581	-106.267356
31.737835	-106.26736
31.738088	-106.267362
31.73834	-106.267366
31.738591	-106.267371
31.738842	-106.267374
31.73909	-106.267379
31.739339	-106.267383
31.739587	-106.267387
31.739838	-106.267392
31.740088	-106.267391
31.740339	-106.267392
31.74059	-106.26739
31.740842	-106.26739
31.741091	-106.26739
31.741339	-106.267394
31.741587	-106.267398
31.741839	-106.267399
31.74209	-106.267401
31.742344	-106.267405
31.742597	-106.267415
31.742854	-106.26742
31.743112	-106.267426
31.743372	-106.267432
31.743632	-106.267437
31.743892	-106.267442
31.74415	-106.267448
31.744406	-106.267462
31.74466	-106.267467
31.744911	-106.267471
31.745162	-106.267476
31.745411	-106.267479
31.745662	-106.267471
31.745912	-106.26747
31.746159	-106.267473
31.74641	-106.267469
31.74666	-106.267466
31.746908	-106.267468
31.747155	-106.267477
31.747404	-106.267482
31.747654	-106.267485
31.747906	-106.267485
31.748157	-106.26749
31.748408	-106.267495
31.748659	-106.267502
31.748913	-106.267507
31.749167	-106.267512
31.74942	-106.267519
31.749676	-106.267523
31.749931	-106.267529
31.750187	-106.267535
31.750444	-106.26754
31.750703	-106.267547
31.750962	-106.267552
31.75122	-106.267556
31.75148	-106.267559
31.75174	-106.267564
31.752001	-106.267569
31.752261	-106.267574
31.752523	-106.267576
31.752785	-106.267574
31.753046	-106.267572
31.753308	-106.267567
31.753568	-106.267562
31.75383	-106.267561
31.75409	-106.267561
31.754349	-106.267564
31.754611	-106.267566
31.754872	-106.267569
31.755133	-106.267572
31.755393	-106.267578
31.755652	-106.267581
31.755912	-106.267585
31.756169	-106.267589
31.756427	-106.267594
31.756684	-106.267597
31.756941	-106.2676
31.757198	-106.267601
31.757453	-106.267602
31.757707	-106.267605
31.75796	-106.267606
31.758211	-106.267609
31.75846	-106.267613
31.758708	-106.267614
31.758956	-106.267614
31.759206	-106.267614
31.759453	-106.267612
31.759699	-106.267612
31.759946	-106.267611
31.760191	-106.267612
31.760437	-106.267611
31.760679	-106.267615
31.760919	-106.267619
31.761161	-106.267618
31.7614	-106.26762
31.761641	-106.267622
31.761879	-106.267627
31.762118	-106.267629
31.76236	-106.267629
31.762602	-106.267629
31.762843	-106.267632
31.763084	-106.267635
31.763325	-106.267637
31.763568	-106.267634
31.763809	-106.267636
31.764051	-106.267637
31.764293	-106.267637
31.764536	-106.267639
31.76478	-106.267641
31.765026	-106.267644
31.765274	-106.267646
31.765521	-106.267648
31.765771	-106.267653
31.766021	-106.267655
31.766272	-106.267661
31.766519	-106.267666
31.766766	-106.26767
31.767007	-106.267672
31.767251	-106.267674
31.76749	-106.267677
31.767731	-106.26768
31.767971	-106.267683
31.768211	-106.267686
31.76845	-106.267687
31.768688	-106.267686
31.768926	-106.267689
31.769164	-106.267689
31.769402	-106.267691
31.76964	-106.267694
31.769879	-106.267698
31.770119	-106.267701
31.770361	-106.267702
31.770601	-106.267704
31.770841	-106.26771
31.771083	-106.267716
31.771327	-106.267717
31.771572	-106.267714
31.771816	-106.267715
31.772059	-106.26772
31.772301	-106.267724
31.772544	-106.267728
31.772789	-106.267733
31.773034	-106.267736
31.773278	-106.26774
31.773525	-106.267746
31.773767	-106.26775
31.774009	-106.267755
31.77425	-106.26776
31.77449	-106.267764
31.77473	-106.267766
31.774967	-106.267767
31.775202	-106.267767
31.775435	-106.267769
31.775666	-106.267769
31.775896	-106.26777
31.776125	-106.267773
31.776354	-106.267774
31.776583	-106.267778
31.776812	-106.267782
31.777039	-106.267786
31.777268	-106.267788
31.777497	-106.267791
31.777728	-106.26779
31.777958	-106.267789
31.778191	-106.267791
31.778424	-106.267793
31.778661	-106.267794
31.778899	-106.267797
31.779138	-106.267801
31.779379	-106.267804
31.779621	-106.267808
31.779862	-106.267813
31.780104	-106.267817
31.780348	-106.267819
31.780593	-106.267823
31.780838	-106.267829
31.781085	-106.267831
31.781332	-106.267833
31.781577	-106.267836
31.781821	-106.267838
31.782067	-106.26784
31.78231	-106.267845
31.782552	-106.267847
31.782791	-106.267851
31.783025	-106.267855
31.783257	-106.267859
31.783485	-106.267862
31.783713	-106.26786
31.783937	-106.267861
31.784158	-106.267861
31.784379	-106.267861
31.784602	-106.267862
31.784825	-106.267864
31.785048	-106.267871
31.785274	-106.267874
31.785501	-106.267879
31.78573	-106.267882
31.785962	-106.267887
31.786193	-106.267892
31.786422	-106.267894
31.786651	-106.267897
31.786882	-106.267902
31.787114	-106.267902
31.787346	-106.267903
31.787579	-106.267906
31.787813	-106.267908
31.788046	-106.267914
31.788281	-106.267918
31.788517	-106.267921
31.788755	-106.267922
31.788992	-106.267922
31.789229	-106.267927
31.789467	-106.267929
31.789702	-106.267933
31.789937	-106.267937
31.790171	-106.26794
31.790406	-106.267941
31.790637	-106.267941
31.790868	-106.267944
31.791098	-106.267943
31.791326	-106.267945
31.791554	-106.267948
31.791783	-106.267949
31.792011	-106.267951
31.79224	-106.267953
31.792465	-106.267956
31.792692	-106.267958
31.792921	-106.267959
31.79315	-106.267961
31.793379	-106.267961
31.793608	-106.267961
31.793839	-106.267964
31.794071	-106.267967
31.794305	-106.267969
31.79454	-106.267971
31.794778	-106.267973
31.795018	-106.267975
31.795259	-106.267977
31.795502	-106.267982
31.795747	-106.267986
31.795994	-106.26799
31.796241	-106.267992
31.796488	-106.267997
31.796734	-106.267999
31.79698	-106.268002
31.797228	-106.268005
31.797474	-106.268013
31.79772	-106.268018
31.797968	-106.268019
31.798215	-106.268018
31.798461	-106.26802
31.79871	-106.268022
31.798958	-106.268025
31.799208	-106.268028
31.799456	-106.268031
31.799705	-106.268031
31.799955	-106.268033
31.800208	-106.268035
31.800461	-106.268037
31.800711	-106.268037
31.800963	-106.268039
31.801215	-106.268041
31.801467	-106.268045
31.80172	-106.268043
31.801972	-106.268041
31.802224	-106.268044
31.802477	-106.268046
31.802731	-106.26805
31.802984	-106.268052
31.803236	-106.268052
31.803489	-106.268051
31.803741	-106.268055
31.803994	-106.268058
31.804245	-106.26806
31.804494	-106.268068
31.804742	-106.268072
31.804988	-106.268076
31.805234	-106.26808
31.805479	-106.268085
31.805724	-106.268087
31.805968	-106.268089
31.806213	-106.268088
31.806456	-106.268088
31.806699	-106.268092
31.80694	-106.268096
31.807182	-106.268099
31.807423	-106.268105
31.807665	-106.268111
31.807904	-106.268116
31.808147	-106.26812
31.808387	-106.268124
31.80863	-106.268126
31.808873	-106.268129
31.809116	-106.268132
31.809362	-106.268133
31.80961	-106.268133
31.809858	-106.268134
31.810107	-106.268136
31.810357	-106.268138
31.810605	-106.268142
31.810858	-106.268146
31.811108	-106.268149
31.811359	-106.268148
31.811613	-106.268149
31.811867	-106.268152
31.812119	-106.268153
31.81237	-106.268156
31.812621	-106.268157
31.812874	-106.268159
31.813127	-106.268162
31.813382	-106.268168
31.813636	-106.268171
31.81389	-106.268172
31.814147	-106.268178
31.814403	-106.268183
31.814659	-106.268194
31.814914	-106.268212
31.815167	-106.268241
31.815418	-106.26828
31.815666	-106.268335
31.815907	-106.268409
31.816146	-106.268495
31.816382	-106.268592
31.81661	-106.268703
31.816824	-106.364318
31.816827	-106.364266
31.816836	-106.268824
31.816839	-106.364365
31.816851	-106.364219
31.81686	-106.364409
31.816886	-106.364174
31.816901	-106.364445
31.816928	-106.364122
31.816948	-106.364474
31.816983	-106.364058
31.816995	-106.364509
31.817042	-106.364543
31.817046	-106.363985
31.817055	-106.268957
31.817089	-106.364579
31.817109	-106.3639
31.817135	-106.364619
31.817182	-106.363803
31.817187	-106.364663
31.817243	-106.364713
31.817265	-106.363698
31.81727	-106.269102
31.817302	-106.364766
31.817354	-106.363581
31.817363	-106.364825
31.817426	-106.364885
31.817458	-106.363459
31.817482	-106.269258
31.817494	-106.364952
31.817563	-106.365017
31.817567	-106.363334
31.817633	-106.365088
31.817676	-106.363205
31.817684	-106.269422
31.817707	-106.365163
31.81778	-106.365236
31.817789	-106.363078
31.817845	-106.365309
31.817881	-106.269598
31.817903	-106.362948
31.817914	-106.365381
31.817979	-106.365447
31.818019	-106.362814
31.818049	-106.365512
31.818066	-106.269789
31.818115	-106.365574
31.81814	-106.362683
31.818171	-106.365629
31.818214	-106.36567
31.818248	-106.269987
31.81825	-106.365707
31.818261	-106.362549
31.818286	-106.365737
31.818317	-106.365761
31.818347	-106.36578
31.818382	-106.36579
31.818384	-106.362417
31.818418	-106.365785
31.818422	-106.27019
31.81845	-106.365764
31.818483	-106.365741
31.818505	-106.362287
31.81852	-106.365718
31.81856	-106.365687
31.818589	-106.270409
31.818614	-106.365659
31.818628	-106.362156
31.81866	-106.365625
31.818701	-106.364188
31.818701	-106.364187
31.818701	-106.364186
31.818701	-106.364185
31.818702	-106.364186
31.818702	-106.364185
31.818702	-106.364184
31.818703	-106.364185
31.818703	-106.364183
31.818704	-106.364185
31.818704	-106.364181
31.818705	-106.365589
31.818705	-106.364186
31.818705	-106.36418
31.818705	-106.364173
31.818705	-106.364172
31.818706	-106.364186
31.818706	-106.364179
31.818706	-106.364177
31.818706	-106.364172
31.818707	-106.364186
31.818707	-106.364185
31.818707	-106.364176
31.818707	-106.364172
31.818707	-106.364171
31.818708	-106.364185
31.818708	-106.364175
31.818708	-106.364174
31.818708	-106.364173
31.818708	-106.364172
31.818708	-106.364171
31.818708	-106.36417
31.818709	-106.364185
31.818709	-106.364171
31.818709	-106.36417
31.818709	-106.364169
31.81871	-106.364185
31.81871	-106.364171
31.81871	-106.364166
31.818711	-106.364185
31.818712	-106.364186
31.818712	-106.364185
31.818713	-106.364186
31.818714	-106.364186
31.818715	-106.364186
31.818716	-106.364186
31.818717	-106.364186
31.818719	-106.364167
31.818732	-106.364177
31.81874	-106.270643
31.818749	-106.365546
31.818752	-106.362029
31.818753	-106.364198
31.818784	-106.365498
31.818784	-106.36423
31.818817	-106.365456
31.818818	-106.364266
31.818842	-106.365424
31.818859	-106.364308
31.818868	-106.365386
31.818875	-106.361904
31.818886	-106.270876
31.818891	-106.365351
31.818897	-106.364344
31.818908	-106.365323
31.81892	-106.365307
31.818925	-106.365297
31.81893	-106.36529
31.81893	-106.365284
31.818933	-106.365282
31.818934	-106.365285
31.818934	-106.365284
31.818934	-106.365283
31.818934	-106.365282
31.818934	-106.365281
31.818935	-106.365283
31.818935	-106.365282
31.818935	-106.36438
31.818938	-106.365275
31.818941	-106.365231
31.818941	-106.36523
31.818941	-106.365229
31.818941	-106.365228
31.818942	-106.365233
31.818942	-106.365231
31.818942	-106.365228
31.818942	-106.365227
31.818943	-106.365262
31.818944	-106.365248
31.818945	-106.365235
31.818947	-106.365239
31.818948	-106.365236
31.81895	-106.365208
31.818956	-106.365181
31.818962	-106.365141
31.81897	-106.365097
31.818974	-106.364415
31.818975	-106.365052
31.818987	-106.365
31.819001	-106.361782
31.819009	-106.36495
31.819011	-106.364457
31.81902	-106.271121
31.819033	-106.364899
31.81905	-106.364497
31.819058	-106.364846
31.819087	-106.364527
31.819088	-106.364797
31.819115	-106.364749
31.819117	-106.364575
31.819123	-106.361662
31.819127	-106.364693
31.819129	-106.364634
31.819144	-106.271374
31.819246	-106.361543
31.81926	-106.271629
31.819363	-106.271891
31.819372	-106.361421
31.819452	-106.272162
31.819494	-106.361302
31.819539	-106.272437
31.819618	-106.361187
31.819619	-106.272711
31.819696	-106.272982
31.819737	-106.361072
31.819777	-106.273251
31.819855	-106.360959
31.819858	-106.273525
31.81994	-106.273799
31.819972	-106.360845
31.820023	-106.274064
31.820088	-106.360736
31.820104	-106.274326
31.820185	-106.274589
31.820199	-106.360623
31.820267	-106.274853
31.820313	-106.360513
31.820349	-106.275113
31.820428	-106.360405
31.82043	-106.275366
31.820513	-106.275622
31.820539	-106.360295
31.820593	-106.275878
31.820652	-106.360184
31.820674	-106.276131
31.820755	-106.276381
31.820764	-106.360075
31.820837	-106.276632
31.820875	-106.359967
31.820918	-106.276884
31.820983	-106.359866
31.821	-106.277136
31.82108	-106.277388
31.821085	-106.359766
31.82116	-106.277638
31.821187	-106.359667
31.821241	-106.277891
31.821291	-106.359571
31.821324	-106.278146
31.821392	-106.359478
31.821408	-106.2784
31.821492	-106.359384
31.821493	-106.278653
31.821571	-106.278898
31.821584	-106.359293
31.821653	-106.279152
31.82168	-106.359207
31.821733	-106.279404
31.821773	-106.359122
31.821816	-106.279652
31.821862	-106.359039
31.821898	-106.279899
31.821948	-106.358954
31.82198	-106.28015
31.822036	-106.358869
31.822063	-106.280404
31.822122	-106.358787
31.822148	-106.280657
31.822213	-106.358706
31.822228	-106.280908
31.822305	-106.358621
31.822311	-106.281156
31.822397	-106.281408
31.822402	-106.358536
31.822476	-106.281661
31.822494	-106.358453
31.822556	-106.281909
31.822585	-106.358371
31.82264	-106.282161
31.822667	-106.35829
31.822722	-106.28241
31.822744	-106.358212
31.822805	-106.282667
31.822818	-106.358138
31.822889	-106.282927
31.822893	-106.35807
31.822963	-106.358001
31.82297	-106.283185
31.823029	-106.357935
31.823055	-106.283439
31.823093	-106.357871
31.82314	-106.283691
31.823151	-106.357807
31.823208	-106.357742
31.823223	-106.283945
31.823263	-106.357677
31.823304	-106.284203
31.823315	-106.357617
31.823367	-106.357568
31.823388	-106.284459
31.823411	-106.357515
31.823452	-106.357467
31.823473	-106.284715
31.823496	-106.357414
31.823542	-106.357356
31.823559	-106.284974
31.823597	-106.357334
31.823644	-106.285231
31.823654	-106.357343
31.823706	-106.357378
31.823726	-106.285488
31.82376	-106.357431
31.823809	-106.28575
31.82382	-106.357496
31.823884	-106.357567
31.82389	-106.286013
31.823958	-106.357649
31.823972	-106.286274
31.824034	-106.35774
31.824055	-106.286533
31.82411	-106.357831
31.824138	-106.286794
31.824189	-106.357928
31.824224	-106.287057
31.824276	-106.358035
31.824307	-106.287326
31.82437	-106.358148
31.824394	-106.287589
31.824465	-106.358259
31.824481	-106.287853
31.824559	-106.358365
31.824565	-106.288119
31.824649	-106.288382
31.824658	-106.358486
31.824736	-106.288642
31.824756	-106.358606
31.824825	-106.288902
31.824854	-106.358726
31.824913	-106.289168
31.824957	-106.358851
31.824996	-106.289438
31.825065	-106.358979
31.82508	-106.289702
31.825165	-106.289966
31.825175	-106.359112
31.825251	-106.290229
31.825287	-106.359247
31.82534	-106.290489
31.8254	-106.359384
31.825428	-106.290753
31.825514	-106.359521
31.825515	-106.291022
31.825602	-106.291294
31.82563	-106.359658
31.825688	-106.291567
31.825746	-106.359794
31.825775	-106.291832
31.825861	-106.35993
31.825863	-106.292097
31.825952	-106.292359
31.825977	-106.360069
31.826039	-106.292619
31.826091	-106.360204
31.826128	-106.292882
31.826204	-106.360343
31.826216	-106.293148
31.8263	-106.293418
31.826318	-106.360479
31.826384	-106.293688
31.826432	-106.360615
31.826468	-106.293957
31.826546	-106.360749
31.826552	-106.294227
31.826635	-106.294494
31.82666	-106.360886
31.826721	-106.294755
31.826774	-106.361023
31.826804	-106.295014
31.826888	-106.361158
31.826888	-106.295269
31.826965	-106.295517
31.827001	-106.361289
31.827045	-106.295776
31.827111	-106.361422
31.827128	-106.296036
31.827207	-106.296287
31.82722	-106.361552
31.827287	-106.296539
31.827329	-106.361683
31.827366	-106.296791
31.82744	-106.361812
31.827449	-106.297041
31.82753	-106.297287
31.827549	-106.361939
31.827608	-106.297533
31.827658	-106.362066
31.827686	-106.29778
31.827763	-106.362184
31.827768	-106.298033
31.827849	-106.298288
31.827867	-106.362304
31.827933	-106.298542
31.827969	-106.362423
31.828014	-106.298794
31.828071	-106.362537
31.828097	-106.299045
31.828175	-106.362649
31.828182	-106.299298
31.828266	-106.29955
31.828281	-106.362757
31.82835	-106.299801
31.828386	-106.362866
31.828435	-106.300054
31.828488	-106.362973
31.82852	-106.300307
31.828586	-106.363079
31.828604	-106.300559
31.828684	-106.36318
31.828688	-106.300814
31.82877	-106.30107
31.82878	-106.363279
31.828854	-106.301329
31.828873	-106.363376
31.82894	-106.301591
31.828969	-106.363468
31.829025	-106.301857
31.829062	-106.363556
31.82911	-106.302122
31.829152	-106.36364
31.829196	-106.302386
31.829239	-106.363725
31.829284	-106.30265
31.829329	-106.363809
31.829369	-106.30292
31.829418	-106.363889
31.829456	-106.303191
31.829503	-106.363969
31.829543	-106.303461
31.82959	-106.364056
31.829632	-106.303731
31.829666	-106.364151
31.82972	-106.304003
31.829748	-106.364226
31.829807	-106.304279
31.82982	-106.364295
31.829894	-106.304553
31.829895	-106.364355
31.829958	-106.364412
31.829984	-106.304828
31.830015	-106.364474
31.830071	-106.36454
31.830073	-106.305104
31.83012	-106.364597
31.830163	-106.305378
31.830173	-106.364647
31.830225	-106.364697
31.830252	-106.305652
31.830274	-106.36474
31.830325	-106.364773
31.830341	-106.305926
31.830383	-106.364784
31.830428	-106.306197
31.83043	-106.364786
31.830471	-106.36477
31.830499	-106.364745
31.830516	-106.306463
31.830523	-106.364718
31.830542	-106.364697
31.830542	-106.364696
31.830542	-106.364695
31.830543	-106.364695
31.830543	-106.364694
31.830544	-106.364696
31.830544	-106.364695
31.830544	-106.364692
31.830545	-106.364695
31.830545	-106.364694
31.830545	-106.364691
31.830545	-106.36469
31.830546	-106.36469
31.830547	-106.364689
31.830547	-106.364688
31.830548	-106.364687
31.830549	-106.364685
31.830549	-106.364684
31.83055	-106.364683
31.830553	-106.364682
31.830556	-106.364678
31.830559	-106.364673
31.830564	-106.364668
31.830573	-106.364664
31.830577	-106.364661
31.830577	-106.364654
31.830583	-106.364642
31.830591	-106.364621
31.830601	-106.306731
31.830614	-106.364586
31.830646	-106.364542
31.830687	-106.364486
31.830687	-106.306997
31.830736	-106.364417
31.830771	-106.307262
31.830797	-106.364333
31.830856	-106.307523
31.830866	-106.364238
31.83094	-106.307784
31.830945	-106.36413
31.831026	-106.308044
31.83103	-106.364009
31.831111	-106.308301
31.831122	-106.363879
31.831197	-106.308561
31.83122	-106.363738
31.831283	-106.308818
31.831323	-106.363579
31.831365	-106.309074
31.831429	-106.363406
31.831449	-106.30933
31.831529	-106.309582
31.831538	-106.363222
31.831607	-106.309837
31.831651	-106.363032
31.831689	-106.31009
31.831762	-106.362834
31.831774	-106.310338
31.831856	-106.310589
31.831868	-106.362636
31.831936	-106.310843
31.831979	-106.362427
31.832018	-106.311094
31.832094	-106.362223
31.832097	-106.311342
31.832178	-106.311597
31.83221	-106.362014
31.83226	-106.311854
31.832332	-106.36181
31.832345	-106.312107
31.832428	-106.312361
31.832462	-106.361609
31.832514	-106.312617
31.832587	-106.36141
31.832596	-106.312871
31.832678	-106.313124
31.83272	-106.361216
31.832759	-106.313378
31.832842	-106.313633
31.832855	-106.361021
31.832922	-106.313888
31.832988	-106.360826
31.833003	-106.31414
31.833083	-106.314394
31.833112	-106.360628
31.833166	-106.314644
31.833242	-106.360437
31.833247	-106.314893
31.83333	-106.315138
31.833373	-106.36024
31.833418	-106.315379
31.833503	-106.360044
31.833503	-106.315624
31.833585	-106.315871
31.833639	-106.359846
31.833669	-106.316118
31.83375	-106.316363
31.833772	-106.359644
31.833829	-106.316609
31.833906	-106.359447
31.83391	-106.316856
31.83399	-106.317102
31.83404	-106.35925
31.834068	-106.317348
31.834147	-106.317593
31.834178	-106.359053
31.834229	-106.317837
31.834312	-106.318083
31.834315	-106.358854
31.834396	-106.318329
31.83445	-106.358654
31.834476	-106.318578
31.834552	-106.318828
31.834583	-106.358463
31.834636	-106.319076
31.834722	-106.358269
31.834727	-106.319322
31.834827	-106.319565
31.834852	-106.358091
31.834934	-106.319804
31.834988	-106.357897
31.835053	-106.320034
31.835127	-106.357701
31.835175	-106.320262
31.835265	-106.357497
31.835307	-106.320489
31.835404	-106.35729
31.835443	-106.320711
31.835543	-106.357089
31.835586	-106.320922
31.835683	-106.356887
31.83574	-106.321122
31.835823	-106.356685
31.835899	-106.321311
31.835965	-106.356488
31.836072	-106.32149
31.836106	-106.356291
31.836249	-106.356095
31.836251	-106.32166
31.83639	-106.355897
31.836433	-106.321809
31.836531	-106.355701
31.836624	-106.321953
31.836672	-106.355505
31.836813	-106.322089
31.836814	-106.35531
31.836954	-106.355116
31.837008	-106.322217
31.837091	-106.354924
31.837208	-106.322333
31.837227	-106.35473
31.837364	-106.354539
31.837417	-106.322438
31.837503	-106.354345
31.837627	-106.322538
31.837642	-106.354155
31.837778	-106.353963
31.837839	-106.322628
31.837917	-106.353772
31.838052	-106.322709
31.838053	-106.353584
31.838188	-106.353397
31.838268	-106.322794
31.83832	-106.353217
31.838451	-106.353032
31.838481	-106.322873
31.838579	-106.352846
31.838696	-106.322949
31.838702	-106.352657
31.838824	-106.352467
31.838904	-106.323031
31.838941	-106.352276
31.839058	-106.352081
31.83911	-106.323115
31.839181	-106.35189
31.839299	-106.351694
31.83931	-106.323198
31.839411	-106.351493
31.839502	-106.323283
31.839519	-106.351293
31.839615	-106.351086
31.839686	-106.323358
31.83971	-106.350877
31.8398	-106.350666
31.839859	-106.323432
31.839881	-106.350466
31.839968	-106.350251
31.840021	-106.323504
31.840052	-106.350039
31.840131	-106.349826
31.840176	-106.323574
31.840206	-106.349612
31.840281	-106.349395
31.840326	-106.323637
31.840351	-106.349176
31.840415	-106.348957
31.840463	-106.3237
31.840474	-106.348735
31.840531	-106.348517
31.84058	-106.348294
31.840587	-106.323752
31.840625	-106.348071
31.840671	-106.347854
31.840698	-106.323802
31.840712	-106.347631
31.840748	-106.347408
31.840782	-106.347183
31.840792	-106.323849
31.840813	-106.346953
31.84084	-106.34672
31.840865	-106.323888
31.840868	-106.346487
31.840892	-106.346254
31.840909	-106.346018
31.840921	-106.34578
31.840921	-106.323925
31.84093	-106.345542
31.840938	-106.345306
31.840944	-106.345072
31.840949	-106.344837
31.840952	-106.344604
31.840957	-106.323945
31.840958	-106.344371
31.840962	-106.32398
31.840963	-106.32398
31.840964	-106.344135
31.840964	-106.32398
31.840965	-106.323983
31.840965	-106.32398
31.840966	-106.32398
31.840967	-106.323981
31.840968	-106.323981
31.84097	-106.343896
31.84097	-106.323981
31.840971	-106.323981
31.840972	-106.323981
31.840972	-106.32398
31.840972	-106.323979
31.840972	-106.323978
31.840973	-106.323977
31.840974	-106.343662
31.840974	-106.323977
31.840975	-106.343429
31.840975	-106.323976
31.840975	-106.323975
31.840975	-106.323974
31.840976	-106.323995
31.840976	-106.323974
31.840977	-106.323974
31.840977	-106.323962
31.840978	-106.343194
31.840978	-106.323975
31.840979	-106.323976
31.84098	-106.323975
31.840981	-106.323976
31.840984	-106.342964
31.840986	-106.323979
31.840986	-106.32397
31.840987	-106.324013
31.84099	-106.323978
31.840991	-106.323979
31.840992	-106.342735
31.840998	-106.342505
31.840999	-106.342279
31.841	-106.342054
31.841001	-106.341826
31.841004	-106.340917
31.841005	-106.341603
31.841005	-106.341146
31.841007	-106.341375
31.841007	-106.340689
31.841009	-106.324034
31.841011	-106.340449
31.841018	-106.340209
31.841027	-106.33997
31.841028	-106.339725
31.84103	-106.32406
31.841035	-106.339482
31.841037	-106.33924
31.84104	-106.338989
31.841044	-106.338743
31.841048	-106.324097
31.84105	-106.338499
31.841054	-106.338251
31.841054	-106.338006
31.841058	-106.337763
31.841062	-106.337515
31.841066	-106.337271
31.841067	-106.324138
31.841068	-106.337029
31.841071	-106.336781
31.841074	-106.336536
31.841075	-106.336047
31.841077	-106.336292
31.841079	-106.3358
31.841087	-106.33555
31.841088	-106.32419
31.841092	-106.335305
31.841095	-106.335056
31.8411	-106.325035
31.841101	-106.33481
31.841102	-106.324932
31.841104	-106.334568
31.841104	-106.334325
31.841105	-106.32472
31.841107	-106.334084
31.841107	-106.324252
31.841109	-106.32514
31.841109	-106.324818
31.841111	-106.324632
31.841112	-106.333847
31.841117	-106.324318
31.841118	-106.333606
31.841119	-106.324546
31.841121	-106.333369
31.841121	-106.324466
31.841123	-106.32439
31.841128	-106.33314
31.841135	-106.332914
31.841138	-106.332687
31.841138	-106.325245
31.84114	-106.33224
31.841141	-106.332463
31.841141	-106.33202
31.841142	-106.331801
31.841145	-106.331586
31.84115	-106.331375
31.841153	-106.331164
31.841153	-106.330955
31.841155	-106.330751
31.841156	-106.330549
31.841156	-106.330347
31.841156	-106.330143
31.841161	-106.329943
31.841163	-106.329748
31.841164	-106.329556
31.841167	-106.329364
31.84117	-106.329178
31.841172	-106.328994
31.841173	-106.325347
31.841175	-106.328813
31.841175	-106.328452
31.841176	-106.328277
31.841177	-106.328635
31.841178	-106.328104
31.841184	-106.327935
31.84119	-106.32777
31.841197	-106.327606
31.841204	-106.327447
31.841204	-106.325458
31.841207	-106.327292
31.841211	-106.327145
31.841214	-106.327005
31.841216	-106.32659
31.841217	-106.326866
31.841217	-106.326728
31.841217	-106.326455
31.841219	-106.326326
31.841222	-106.326197
31.841227	-106.325584
31.841228	-106.326072
31.841231	-106.325948
31.841238	-106.325706
31.841239	-106.32583